86666
234333
9034
387168
315164
136394
46220
263965
188297
154220
288510
164188
396457
325306
152357
340049
126857
66599
341053
250723
140983
290238
157815
28400
221704
24859
103924
382931
330446
166922
221478
229487
320188
145115
57619
339807
188572
187188
126052
188969
402588
171005
110786
387184
21104
112703
90709
54577
398907
218592
71660
236896
262540
352607
333648
226921
348675
355408
6923
27919
371877
197229
340131
69394
329590
399503
128674
22125
54679
153000
49557
345183
335224
340782
191803
145199
13107
161443
76109
382330
89631
116313
194962
92586
58854
371327
386374
280053
271285
158828
369356
259009
215444
325526
373225
383323
239930
176972
265455
33402
344165
42535
340596
47600
245067
213576
197096
389443
175917
33845
308684
202682
336825
80722
277087
13627
136233
62263
114212
376684
96575
278355
233520
233464
162681
152530
257665
1651
314502
24498
34868
97382
152921
234945
329155
252702
307552
178936
28249
8973
387331
315927
160361
49115
303327
29877
250626
391536
311157
237408
135914
31310
337195
57951
121863
2807
128123
18707
132347
175165
201878
63870
235668
396246
382945
322583
339821
75829
43498
130006
109623
76661
97964
57081
174306
142189
342424
9770
257123
294879
314040
92835
260386
110489
237400
116192
173200
184891
137016
31364
8450
354791
261043
334866
282296
349147
154824
233798
197330
77913
271413
60486
129810
41491
330680
398493
60124
138615
242645
53794
13737
57019
156452
101081
73166
48259
177844
380780
19010
197911
23150
39703
89718
355159
115437
228305
292677
18093
31839
358365
129136
401125
247666
90590
1521
118304
115940
55463
195450
357687
168671
336061
84463
290900
284965
92698
354460
48223
243204
360314
184859
351343
195917
361133
51109
94674
122848
83967
369687
145521
281371
236258
372778
299076
166552
110665
133682
218751
93820
318640
205957
383783
167411
388471
196638
353298
299676
323164
134185
214646
255846
59479
352860
32503
94955
2872
29556
65287
244842
130907
166730
149607
113963
28893
7372
120669
264552
398728
279206
155227
252950
9528
271934
76237
121653
14679
375571
396976
352526
330438
325023
153484
323917
150600
95767
191327
70130
199274
322091
219246
217121
342287
22256
170677
124155
337934
336107
117164
397954
168188
170495
135670
78351
335125
119664
396083
121283
329079
309854
311775
132307
352486
300975
60773
383370
136532
316909
398543
17672
68158
41596
122783
211956
69287
273077
238153
335981
249794
91813
126855
187488
175879
254782
56642
370874
90147
369489
109868
360831
230633
36607
389661
97173
217961
322898
109769
313582
18009
391111
89559
167431
386849
210648
170270
203569
340758
185934
373370
195992
383540
374908
189184
44066
79553
351754
232804
92418
223399
371030
67041
251566
19509
263510
216334
111734
307089
360036
120660
33401
12914
80959
172946
171167
120129
279857
315691
42712
29403
65274
167159
385296
3741
210630
363204
374120
102096
294666
50831
40864
383485
151146
330140
340306
288781
41080
40276
229749
140244
377011
110172
354319
236280
135984
200784
136972
36685
136313
68170
68883
3858
121627
30062
294736
368930
345157
53890
378328
132692
347035
323644
396696
325590
248934
154865
93993
53738
51757
163619
369970
373674
163230
257981
329553
131199
49263
367373
196814
140146
152645
146630
95936
188345
174164
147444
142365
257252
81650
346209
6509
102884
37957
269996
334386
327937
216640
260989
331731
302460
41887
348417
240418
73739
367290
298748
353964
2828
166484
191385
155284
314564
215774
180789
80033
25456
387903
366220
120856
151226
306608
217846
6045
335446
16799
164569
295141
271367
223399
129492
261306
182861
286993
101719
363628
232685
76462
150729
216980
24485
83706
224338
95437
227595
17049
176413
312643
286787
49154
81016
72804
331327
145957
375481
260757
134247
167588
285949
398967
278060
304586
215165
223349
267825
47671
254411
361485
231620
279759
301531
370402
394897
12600
296968
260274
300641
241580
395760
176042
7501
60269
164496
108684
211957
115216
63521
64300
235558
162415
218679
13581
347764
24993
330295
271335
380909
237744
13770
158380
347346
283713
73284
347863
185540
95895
279415
338895
187847
218025
212652
61466
400273
306523
263807
23637
69328
215485
285628
35793
179144
379557
62289
280754
210360
75027
235967
353640
394962
170186
45443
373392
39615
347782
163991
299285
139291
31487
123344
183317
257359
397756
117609
348869
154066
153260
288923
165068
15889
265197
375256
359251
181248
209512
41818
37857
253617
102033
67690
337043
230141
253523
399828
173020
111019
265675
263708
89885
113435
63235
195861
55853
224652
176860
259744
310316
140259
76490
244603
28321
126832
55181
399135
111861
63548
34599
85635
149922
320099
211752
5485
358024
191851
178626
78035
335695
236563
295779
158465
176273
161427
402690
364471
202142
338991
45345
27940
305281
77358
368914
46474
281513
287008
355582
317243
16384
191014
144939
157193
375381
167875
41837
60331
254512
24879
347037
266476
96220
273061
329553
104046
210471
382196
183407
97143
217490
311006
307204
322454
247793
161464
357917
234201
297943
291110
251277
288527
156109
276920
177279
329750
273455
345995
156666
343348
311440
154170
386375
233298
113603
301339
108300
227354
130718
383323
92945
347872
187732
293043
402221
381948
237473
24530
77809
367989
387016
120050
63358
322230
36080
287223
387961
8725
9000
250303
70233
375779
303991
313640
46389
338753
212354
400556
187791
397467
313069
212936
76193
269750
73072
199580
252172
108722
31539
290471
99671
156122
366277
288352
119462
146344
155410
282838
147524
47704
265498
182382
15157
246182
349756
207415
57272
122880
311285
36099
177478
154340
224086
78474
237673
27451
401910
266699
163316
77816
301242
20661
80059
15338
344766
361359
360567
225328
257057
169644
187787
140029
37875
70091
284306
161737
79225
243369
373243
36090
353472
218808
115382
138635
398101
206635
260362
367500
188005
397918
349725
332188
18254
158849
205819
57041
189884
299845
183217
15413
83330
350520
396391
159234
342518
390183
2527
162545
363243
214385
402953
339691
145320
285684
29012
28770
147945
296956
385000
112427
256473
179785
16713
55422
357038
379970
346775
336726
223629
239507
17499
93770
308417
143216
94123
180899
171398
312903
69402
15349
311870
121641
259615
227061
280799
78233
294399
167326
250310
154348
226269
135836
5433
214738
386535
316795
296246
4427
140887
86765
233407
351928
23794
217245
118501
232310
396333
331363
134206
344304
57255
152472
119071
186145
147303
212773
57858
58915
217945
318901
138291
161956
186635
132725
225216
285878
281278
9158
358765
280356
300418
213476
243485
274490
256684
324623
132134
26719
27802
47673
166307
324293
213547
8921
146547
234961
127208
101138
252738
173594
400169
366101
20341
93970
68736
275057
17867
370954
242761
249989
87456
350534
292951
158066
92576
92564
177707
275744
53997
198880
129583
281221
318770
327421
61629
294527
127878
226434
166371
137324
251156
304175
8060
287342
39967
88116
269943
252983
95670
248829
282119
231564
167371
100251
295834
75203
373740
178107
127990
80509
83023
163465
236734
263750
161355
1561
217100
365009
325601
307998
386117
127079
261570
144442
335208
372826
128055
144858
244882
302713
66865
282693
86454
222259
321161
188578
191361
219672
74801
316126
262537
130951
61246
316466
29663
41251
85056
137448
180577
26693
85793
353444
154862
48638
317996
382827
115367
53507
376254
105241
72498
309999
296789
366544
131896
207314
297763
137460
97056
133964
399595
266012
393941
235639
140171
28543
73724
356798
241338
341950
234093
158284
402711
309436
359882
26034
116503
133084
272267
324418
175266
205533
229756
385643
354233
314690
111521
88395
126361
266146
394561
171320
346057
328826
400453
256125
212299
375717
102434
182782
12353
76725
36030
132366
40111
62692
57413
212157
384688
326992
386714
216212
97459
187196
400259
26066
332726
29976
213839
98822
102384
28618
395814
121639
72503
46806
293415
89812
249653
236874
31935
304490
107661
248816
263609
246362
249132
223662
239382
103935
8872
158381
134794
116966
280965
324616
24347
39115
208912
271619
345252
34823
168106
40797
145365
179883
376721
352611
24786
317469
56626
112967
403131
32359
23768
227952
89042
197400
286572
143490
148924
166991
67646
150266
172473
226094
258786
266917
379902
163458
25291
183216
19351
8245
13468
201795
133391
180062
114697
147222
85887
386554
322729
278446
281117
323551
380415
269860
217413
109039
187055
373424
171068
372027
289075
378646
251397
307090
276525
218112
35151
164763
140314
337845
142493
117387
63884
332635
391865
171988
339425
194095
333283
130905
340165
188976
20831
106990
23694
291470
7625
395451
59099
329085
256038
227925
46318
227599
35958
228733
224439
102864
154203
191248
53300
292263
155770
314025
120703
173118
36622
13439
269739
142951
284604
8477
73474
387569
114858
6238
72607
255946
129713
245011
175766
301817
163397
20030
59595
232233
350039
130693
8387
172397
199480
252042
144768
303019
359404
226078
338689
1493
31264
114339
250653
172729
310351
20718
156293
275312
9020
275892
205502
345850
295386
26848
338092
77228
164720
281701
312032
22417
40369
267315
190220
260756
350049
129187
293944
2764
10516
194678
321081
68759
337962
383337
179122
138103
297987
128193
263824
116392
139367
205175
270920
97506
109813
267263
191759
266330
49034
5190
319331
346601
27375
291116
246097
109659
385665
367134
87800
284813
269883
247869
227819
92348
369338
37318
189141
330655
357634
84246
64057
216294
109069
342480
127416
366325
26822
191106
52738
98545
177152
365795
271324
347649
176218
181831
307104
393985
263222
235382
126321
215840
252361
338757
176345
32118
23267
93793
377795
239110
126165
56381
73664
216436
199289
277904
31675
66361
360939
176585
72076
68849
322079
102520
152645
347603
259014
22010
52585
235602
10297
166986
163565
372772
41539
58708
305696
161914
309077
188321
234487
351157
39406
165316
150169
261492
213765
62188
9528
66676
335523
206740
219682
335788
162168
262004
285096
161100
33574
65202
135281
240618
101563
388263
271724
112823
173294
354178
67362
12458
4815
153798
303511
30653
387265
151332
278906
102795
58492
163451
150157
91647
285258
333971
136133
238680
340526
291202
209414
97155
224556
320134
146006
341691
132030
36525
195743
193526
270023
182955
222740
385343
324735
255249
348883
1493
197750
179528
62922
77458
245806
285895
69713
92349
118448
50064
280906
256319
224704
288000
56876
247605
103504
255692
342285
96194
201385
359073
370855
222794
395460
18071
82732
31339
23197
354061
199362
104601
45849
346818
210648
182290
382216
31221
330588
360339
23688
300970
290392
291029
208139
263646
288912
106322
77922
164051
5463
272049
353415
121706
388554
779
177256
47768
130416
225891
108832
252934
226855
53703
390173
185781
176418
220946
53307
111206
328076
63123
66012
399128
162260
301500
308264
91324
338041
50957
177126
371660
304510
134585
219795
278161
270045
263236
335587
332762
290209
146007
386019
332823
309417
259801
387836
96872
182732
194847
222881
346723
5729
259853
361105
74540
145985
51184
144589
63308
140319
55950
1553
192474
23874
236440
179654
274028
292344
355304
319251
120009
137918
79785
126479
58020
321385
60248
278310
303977
255289
359085
251532
271339
90538
363216
167263
301632
363345
211564
230458
42844
276588
19120
172755
295057
290381
308923
24824
130492
216672
262392
326731
67776
137832
398730
258559
339329
124860
159591
129033
225169
327699
37592
3962
14630
132731
318855
32235
285074
149128
152358
168201
36384
270078
246505
303283
326692
186281
13319
128410
175101
183795
230281
157511
377181
279694
297551
312322
332407
278317
148074
327391
195247
75024
105552
179118
127131
240283
100338
205524
204145
194277
242800
329013
291438
395254
214482
118543
184968
399803
74946
316977
156434
81823
319262
259259
284845
314984
9675
8620
38690
131448
180488
89608
146525
323725
138845
308718
75603
248788
67937
4150
54765
389935
403088
390444
336675
374801
60618
286172
75352
344435
212411
144717
291500
68827
213672
335276
78561
167817
165116
273915
266891
368107
180847
172456
103517
78230
356714
126160
96928
207938
360915
344164
119034
324619
201628
24221
311870
147190
231285
154859
300256
63917
205607
325516
386256
32204
113204
272610
234863
250022
196314
133662
259613
319198
14551
186983
286919
292283
144064
208674
277015
218067
396242
43876
114103
70665
93421
54009
263428
233526
140605
189622
182165
357626
29760
41239
335270
393618
91688
289521
13632
250093
119917
41745
83410
245050
50448
356189
192819
398109
176255
110745
228776
186588
354963
342481
250890
61999
268074
147603
174285
98759
241060
69347
128631
252699
85881
350813
76828
248553
202551
196244
401170
268151
247602
136952
6541
223786
101586
102645
333957
191439
33676
94507
298297
373859
224106
210120
8821
19604
395382
345155
162583
143113
341876
240102
134008
57530
196887
297472
219558
278439
136893
261618
376818
17513
287118
392989
302980
303114
34809
352597
258271
69069
57635
203881
272379
338339
238830
326168
291045
44143
349353
145723
27776
206781
187016
48137
161959
341613
325760
100020
109231
223795
314926
197500
100604
332623
134831
261261
388665
155601
144852
19603
9517
266015
185426
78307
63615
241889
279446
382366
25818
295152
29669
29188
368085
223809
203494
107850
207060
49911
339664
202813
153374
203813
205677
167423
256226
170255
5610
83210
51474
200918
143969
48549
241145
96785
316237
253335
276476
253835
175699
49849
382064
23487
122671
375137
202863
235531
31034
372364
305477
107164
87142
234097
92002
400200
325499
277836
325343
26590
71483
106013
56258
79755
307263
169611
242372
277723
102027
204523
136626
319303
11692
390474
48052
281873
207106
327572
14588
338389
47660
56043
51751
101243
152227
217983
247418
232299
368080
297490
140060
354206
342728
201547
210229
54779
379443
335318
348627
343198
269130
161556
21953
173910
69828
188679
343066
222904
100610
190134
204087
152128
18588
401113
257562
397321
108250
238396
146653
311072
392394
384407
368331
174308
179451
394500
156510
109771
2451
237642
30635
83784
30468
154120
15244
322476
162860
7763
37668
133497
240131
174949
213182
362019
247435
83651
215201
13760
170173
259702
105993
324325
23950
313413
109640
266289
98779
62522
390743
86949
391301
260018
348525
260000
106921
344264
279253
142245
22308
321835
215265
332429
298364
197853
252567
389660
78052
236581
129703
282037
38292
382301
137199
290512
156986
353048
238973
317352
155060
128104
297620
380459
276636
299762
108186
314503
311550
350182
82408
347300
175098
13245
225534
166296
58432
246153
126194
259005
279307
270813
21659
107277
304020
332733
359358
394185
231367
228729
190846
335215
160388
45901
27011
354858
403098
229586
370661
309902
50235
59367
320542
342573
372231
71956
6845
221280
25009
84033
21588
339896
190564
375983
51706
192621
53936
250385
75263
305631
258722
166505
173453
40486
350937
69254
48736
86907
243299
343384
209871
81304
310161
289016
193145
41833
2122
231146
115129
170228
382222
365239
35300
317180
270760
371289
110385
309122
171068
395673
382702
95621
60197
65107
303839
370058
213897
315005
195488
347945
45458
154392
40727
106265
379161
155003
26151
393364
172707
246307
190446
49805
134106
304370
164765
356033
239301
28797
278450
165147
279556
77499
20305
301224
152157
37298
243052
178934
327551
315516
235054
103794
130080
342028
242250
27085
332509
146241
284897
348095
211538
83214
288838
315408
48175
268045
376832
37680
16738
201651
375380
188975
1559
154228
272991
333713
9675
65307
358833
247939
231597
361806
256499
151073
379907
330661
172357
292738
61247
155146
11251
40891
314922
227012
207878
221545
265633
230086
316490
207979
123972
283641
316800
342586
366278
58234
2295
274672
128706
6289
104477
305203
223614
394155
26959
390179
55325
272454
166245
382172
185975
344818
22865
95603
103522
237011
30811
365961
290769
59559
298150
379740
70229
203845
91539
391897
337498
391012
391558
205538
251791
19637
402655
203512
8728
250817
345769
17465
227149
390616
129605
56671
17237
49557
391345
244287
348272
355717
239834
61446
78473
83548
136739
309006
259314
332895
93644
67501
103086
105174
103582
47590
391028
282866
180641
383414
162164
45432
141173
232515
265621
164785
40671
11215
392153
333686
2541
279873
40946
400756
288183
98936
215955
176595
40169
267107
393230
176300
255839
238359
256549
336686
125932
341488
259974
290875
351620
184020
390423
273897
140374
176753
222600
355427
92650
295908
268897
285219
136545
373676
306096
227585
210771
248377
310355
185677
310410
361365
377273
182974
232367
250426
130299
160177
177668
1489
175825
12555
102428
246529
91450
145292
278859
38895
114255
232467
313985
127579
276272
41274
173530
83102
194789
253920
245980
80004
348947
255296
191849
334723
108259
291879
166372
9942
326827
270841
87672
34663
350027
145740
268146
43826
304249
101282
28317
16570
369205
370582
126533
287993
646
73704
315992
184785
138615
374343
267651
244910
311919
376623
7773
152130
97713
237597
77717
140885
279519
235257
7289
38395
158760
217910
202649
225345
346686
27841
33852
318752
199620
295604
310981
56255
306604
110911
127516
315395
99645
355963
306022
187977
22576
17165
232787
317529
116482
232738
301922
269876
50873
146752
264062
157836
212983
78795
247319
95781
125357
274880
391155
120272
119502
221869
312214
106868
152100
235539
367392
261568
401101
150157
382742
347774
374531
43119
236416
21832
328781
127580
266862
242733
400808
94321
37300
17797
229794
197040
232018
369749
325719
135220
373715
222902
94048
360463
67747
233849
94144
12819
73281
217170
94742
352130
181691
270264
394932
293718
189163
65859
280578
288288
317430
304991
44842
189504
127037
122619
56402
257245
172066
144402
110084
181566
179023
379224
157851
217016
160998
76999
156053
176422
329127
198462
349702
330712
231000
376665
69765
217034
202420
244456
8104
148034
346230
324870
87100
51556
30587
148188
298240
85503
335229
59777
216421
238644
45869
109861
368199
46333
7673
402374
108687
372075
248573
160820
211659
400028
390260
398324
79202
294839
63232
383869
378494
285410
312634
63918
17415
337840
60381
335762
49684
149899
330361
388326
177890
111837
300440
45663
108343
180982
389718
82809
154376
122014
140413
218554
349903
266988
33664
273268
183347
71855
362197
35970
392389
14479
254704
263205
258663
258640
14322
317786
284323
35826
391013
371398
208302
228608
184186
263484
323894
88118
213070
83987
356023
9728
70603
155414
26680
261127
238077
50955
380696
402100
88818
178173
196245
373648
361765
249871
281053
372460
250305
227760
268405
303682
139281
158760
43452
318149
220066
81365
222889
125205
244563
201566
145332
76861
142075
264603
12475
32418
251647
328202
205496
326314
148566
200601
168899
31243
269240
117790
183829
201423
59601
63921
258079
374074
210908
337860
383665
98479
400061
134665
197731
6701
23621
275215
796
273970
349223
397622
395429
104669
345701
82799
301326
235557
231830
340651
386563
140753
263000
141624
168334
24772
110356
59997
217017
31468
384393
341014
390953
284110
43898
208427
162780
178928
290352
242805
148524
358019
3667
105656
230940
21900
330829
82425
296376
153720
235623
374478
348494
136490
357770
169762
55949
293093
194760
401863
107798
57873
158644
205108
318303
228493
182765
25523
65685
380797
213490
160746
12502
238207
190823
12414
327943
128125
124830
251106
308729
170397
213148
290351
153571
229738
179142
384623
373414
247113
160483
233898
306594
252116
394920
237816
234119
134320
214128
255967
51783
114042
387657
307905
365133
86220
26079
223869
73354
393573
229197
8536
56480
24800
110173
283443
360527
348257
284719
26501
359233
332852
33910
344387
85118
220106
170170
237217
30505
70306
15079
318117
319244
36929
32150
362651
235775
245851
253923
2501
157840
149331
128279
237230
317316
6760
271944
50081
367467
128702
399499
220126
203807
315439
281958
190096
64717
347074
277985
108924
339607
131269
372872
90434
196824
282950
343106
101614
240358
384912
2375
166305
270228
229579
246853
312281
68370
75887
112521
182456
350032
285096
308982
148393
85026
181939
120639
67557
205537
390824
330558
248702
12384
242418
270387
93474
123070
96960
190303
238029
36163
119312
337913
194291
368668
357505
310091
129601
74301
252745
51789
218274
38981
234872
61695
317302
366773
402962
87099
250978
157307
321832
253558
1312
195705
57030
32100
257725
107844
58608
395667
210457
55495
273515
220269
279223
174304
335651
232112
365105
368959
289708
146013
218540
9208
57795
15626
288797
122516
166541
230383
126081
160087
14263
37722
276131
332878
259732
28456
231011
183385
382136
346196
354405
293501
389989
65632
104294
296036
373873
262802
114725
235043
308862
39789
143205
127358
58196
108063
278113
273418
366941
62136
104540
94008
264092
211052
215273
400207
173101
322591
391179
195710
109002
363744
391787
347543
164526
142345
25994
184082
104865
247728
320412
273806
369493
331843
282883
371794
246943
220875
67754
79859
209668
92185
288877
299173
276932
1548
213332
360026
195826
36625
177233
73185
83855
241435
192176
135895
68838
390825
263495
249223
320514
202585
366738
99346
370210
362762
329424
289543
6402
271463
252827
396694
90093
9247
215062
12590
246612
236303
5559
41285
208350
368055
146110
185691
87331
392444
395936
209911
308712
320748
320511
8097
243419
228338
113140
241552
234947
170829
396182
240581
371220
297276
392050
319563
18163
296272
311044
99754
47858
145433
379638
305663
250248
147392
300943
27594
175554
307808
20135
4714
225821
298103
367830
11473
345633
16789
151103
396094
83290
154221
345206
117520
206891
281212
106116
315359
389252
322317
62637
352246
395687
63687
291688
128881
9541
251951
395447
395938
300300
189682
383766
104197
316658
286772
8742
268723
343879
401528
109623
126478
49737
68489
128227
211164
226967
168924
346613
286828
137202
391170
166878
320303
356353
329927
378341
211453
57823
150612
256502
108474
309088
302962
16486
186886
289724
50473
260868
100002
57139
236941
299846
315410
45273
164359
273661
353215
360618
359347
134919
258778
49415
340825
171711
15668
343563
62451
332963
226236
37226
8817
84256
250861
82598
62838
362567
12729
92655
270839
260432
292627
154839
148821
359699
25607
117336
261955
125384
224399
131998
139508
174533
12532
393062
333969
38746
383377
309476
86359
82931
168144
353700
44152
368633
381588
318367
127470
343735
330129
148174
148842
289613
135526
70929
22672
91453
293081
271279
31388
129459
259101
267676
319629
391940
24876
185523
268396
351112
380563
150732
116582
327686
330873
171124
45326
12435
349975
101456
128549
213937
860
106634
205280
24974
345311
42455
363655
238943
198080
1004
354491
196305
240137
32557
214259
278370
287572
344077
194498
42002
79133
63940
93571
246510
92656
333906
187695
89727
337254
264834
120514
352569
381131
385838
293326
133958
242416
255675
3684
105223
391594
55266
288135
348578
54513
359545
330081
385705
120560
151046
286535
385838
351220
2257
230681
396011
250246
10585
246703
335407
165412
314838
250867
259929
43481
343271
346312
309779
139449
357491
201177
109789
305847
285241
66169
161317
114453
367517
183169
232164
209109
122903
148665
250686
308566
355248
126175
171753
173416
163424
339142
329638
176923
285318
193939
284937
70124
66149
29550
223374
145453
134037
245229
393400
397468
19618
331781
212777
212537
323615
262242
343327
292654
134723
323332
169238
290636
70533
68111
83989
187326
327340
291311
125673
97214
349537
366649
226294
213572
214762
341664
158642
369576
158576
34027
167933
364856
279320
395524
201421
23977
176735
310376
370707
397992
73981
238130
39955
86262
34223
137854
362339
360260
138370
352551
27410
228934
288130
363518
109689
69353
189154
313889
304275
343336
342914
141163
104785
271654
362772
234258
364283
7924
299311
395803
195394
167448
245822
132607
365204
377272
112676
401310
185104
64771
337863
352208
285629
324820
223881
254028
251812
39062
39229
124669
176432
291217
328196
227428
396952
164724
122521
38528
336653
208659
33664
116681
352661
101307
167274
331309
114192
395324
225650
106429
353139
262044
19757
311109
56140
111815
79118
134238
322324
189661
323278
239634
194678
272635
322588
184506
150555
37495
205210
7049
80877
81956
15944
120148
230187
367212
70436
202019
41999
263961
152172
254172
237818
387030
250187
171674
383948
194220
61859
123333
66891
124587
317416
33092
348126
86703
38775
171910
402618
165744
202498
297657
184493
166066
47305
72702
69521
147339
56418
330452
331971
383429
274018
202339
139744
130286
59674
267801
278716
240449
349487
204280
158892
234803
161675
302955
19162
323767
64305
267121
44183
309165
266940
109454
102983
144112
108646
190168
202736
253897
230781
56580
369243
144829
339159
291130
40544
196760
343003
50876
74449
120003
223145
43830
351530
316221
37724
49454
99721
289530
48528
302800
180121
92073
275951
298828
396362
364207
202127
113387
285748
159201
337812
311702
74198
188051
58742
221730
15871
167764
157545
342289
352247
119046
335267
216837
354204
357849
85249
16614
326906
373372
25302
264470
72014
279428
363425
364367
33579
200728
211124
138847
75659
253717
124553
349021
31122
254706
192539
268296
132140
342835
269857
400130
338422
355898
314548
212081
357356
388315
112663
360810
239286
134696
387085
72473
17769
241315
107589
314935
167281
288534
231733
48290
319024
128954
101185
267999
110998
301560
335895
302889
217506
143034
173797
44080
357251
26873
50951
243457
77601
297902
386121
274556
271005
134144
15328
161379
214156
218837
273848
382339
57136
148717
357906
128368
130783
359214
89111
252540
257383
214850
267848
132546
246947
352106
204461
345192
161748
75465
352048
252739
250479
67894
384750
258576
287676
96791
49972
150587
249217
279397
222371
103536
337737
17986
272059
310088
210207
240028
277164
30607
105308
316407
40741
394855
135480
124677
296037
81946
22293
243078
157651
240841
284440
76726
81037
105487
335352
255919
193673
127493
185296
200485
32188
368479
63629
239098
41369
333480
45493
246673
144993
85054
311694
129626
273966
244590
159366
113009
56888
110474
394986
156730
265700
175664
39715
305379
66423
372658
114550
311482
39895
308919
111848
81768
246071
297922
302851
126597
254518
9772
198317
184232
201138
380971
387502
337576
389944
104415
212430
108724
16543
372750
57369
277137
219873
216318
144552
92480
377784
233888
184558
401948
394430
284886
363944
126064
222138
400076
63672
29927
376744
102972
251903
93063
214910
11669
204604
173517
146707
159990
369347
396370
124416
339679
246469
107224
125965
231528
373190
326325
249774
173877
393991
185559
322277
189754
170869
281656
159017
305265
257463
215475
211208
192903
173364
350047
368722
182029
86821
40499
389291
243613
22133
365056
45430
15423
185326
263006
277984
379214
276491
135558
11450
188942
346176
55307
77824
96745
351109
386601
181827
297112
259354
354452
176756
338969
145215
85362
81322
99638
311688
289648
81443
346881
385263
352133
376164
211898
157990
289857
230596
259772
303107
74581
24799
286870
212503
218346
269363
39120
102306
402213
308508
15579
49401
378231
247303
262818
388050
286729
359212
222862
163023
62889
52381
384544
196057
39813
190492
60545
48288
380700
354879
184458
283765
300645
52861
169547
372719
324519
261473
156890
19274
294269
79854
397534
309125
83476
16383
72721
10999
207351
247232
339954
120719
276080
105387
123350
272030
345286
179138
237672
364701
263584
346529
159878
211451
139391
314816
121234
137442
158668
18225
291557
137935
236714
374625
775
274823
77839
76237
47964
288197
330491
167892
379273
272458
379834
213925
150220
386848
259841
221959
288032
56974
287456
207039
209594
200243
258412
327431
294669
332240
284893
285031
183879
133531
104912
167230
400772
12588
184540
325161
165826
209868
397449
114972
176612
19245
27814
329653
234903
152341
129285
82087
96462
400842
401997
7982
296331
385687
264425
228410
369796
357188
381651
315941
182054
197239
298281
305599
325804
245157
357533
390330
224408
171176
299064
30278
341490
137030
167786
265400
99729
113856
269201
322672
294125
85078
365327
309352
94417
381863
393991
316803
325621
55941
164838
58062
310847
225155
343820
597
387673
356553
30830
199087
53281
339569
316543
83423
196129
125467
227932
47761
247242
385011
282860
143296
115035
372816
346031
303148
233113
384131
168740
302606
85970
169697
93498
243213
144589
204733
125809
271537
74801
161611
235917
347824
157998
332781
46201
62018
325892
381529
235876
109164
27310
204069
335286
290678
389586
182827
136906
259798
170823
339299
123569
122712
123786
360202
311394
328390
172291
43396
186948
273061
36411
25178
194497
332143
101477
279685
363872
314752
276857
21916
91437
153609
316321
325765
106120
320649
107795
276140
49959
3408
165060
378545
400861
397783
256664
378882
210413
111182
93006
189710
136578
205371
229684
188526
381203
281434
101808
348261
238710
369312
56431
9240
276160
349258
33920
70391
367504
387321
13970
8566
334362
154621
263451
145676
40587
197755
142988
486
170887
224888
134814
48511
47446
191246
27949
285223
329978
338665
339863
205150
88865
11255
315741
72066
259065
68394
44350
281118
55864
41577
301904
183227
277230
46849
246770
294017
303375
367096
21821
183223
167416
391829
93817
110977
323007
179181
402452
296114
123502
83892
152255
171098
120583
272559
357043
354864
160105
373586
214926
85114
76139
191411
90614
56723
26161
231496
317628
160158
216327
994
346103
335707
108181
272857
102433
368532
196061
73072
111368
341894
368333
27553
22997
205654
81943
144971
198490
352183
290558
397058
323555
311489
242770
144996
158990
33237
50941
161585
237104
84063
123210
359898
328976
72294
101604
242857
330451
153603
351800
388635
81992
43311
39068
227941
259049
326957
205956
244657
85331
145109
188933
320082
142873
395939
186553
287522
39312
40512
37909
150089
114196
329761
381961
73492
1313
166050
182585
290227
53301
156760
210839
113146
138448
341141
47358
216565
339163
278309
21524
294366
31380
258674
266150
63306
114964
146043
383672
171322
257291
295165
213517
375457
146678
373824
352701
355815
252324
362268
155844
135076
216067
348357
58594
26786
243253
48803
356031
136949
197386
98796
135177
79085
186348
349795
261832
268518
305803
222347
74307
279092
44609
157558
169483
363074
75417
57025
165284
270075
249385
51256
349035
242202
353075
83325
61949
204453
8192
162061
35996
236827
198268
303483
199971
130659
371491
140522
192371
117063
11302
133240
42223
107579
159320
301568
260737
181500
82498
11138
262959
180946
246307
278007
42265
52104
344872
221858
114991
181112
289514
270467
80644
19483
243730
32726
270275
235021
201402
231498
134284
152387
112882
28092
8156
21010
158710
213315
253828
287560
93289
188673
222786
122305
381226
388188
186379
57292
172140
344118
304473
13487
385159
65899
275768
395965
14695
157501
40333
390090
56024
392178
183116
343736
105359
27794
385323
189672
62199
11987
320526
74376
313093
394217
172340
95520
177198
93603
358213
46526
17690
84481
283073
170060
344425
68411
224516
293164
141019
79930
381181
352826
60423
80243
393065
272528
280125
213675
53312
361662
265064
75570
340992
146851
132670
171637
364337
354006
380139
151577
364582
102598
74678
199027
322653
87132
105285
306573
52503
287864
186396
142435
91321
282100
371663
402689
366226
107803
222584
394240
241036
396014
5556
363028
371086
172068
220824
14417
12693
11210
63306
91702
250769
250348
20867
280545
318276
953
134896
124924
202349
4189
184561
256010
305098
43611
364716
124280
256624
117220
124170
394066
366307
231916
215993
137665
126369
139012
349993
85961
66664
91917
68927
357861
158014
325462
184448
180604
154757
318478
63223
213210
139671
402677
32641
315926
295640
77395
396215
303940
135621
58535
219648
89922
348547
332119
18794
230069
100482
152192
2544
59225
382797
35012
354699
116303
95484
283523
170897
38246
166927
399485
151359
538
394559
106616
244364
303227
189724
74698
99530
99073
21988
142873
119004
398722
12226
151723
44088
24401
240918
92058
338423
72470
110940
3910
168845
394152
309768
172799
186025
140081
268444
247733
76379
217685
207063
281367
345825
112005
304514
201962
278674
18127
135732
19428
320904
306440
347315
216178
54739
399409
334316
41274
50735
10362
214549
51421
360877
360065
138688
205268
256562
136415
77380
55580
386169
271727
134122
27997
251414
122669
171470
149945
356887
22048
148294
218258
286577
176346
274285
134986
182364
13743
147619
11513
61252
246760
397647
321325
95484
7456
146605
331082
179716
156441
35295
242965
79634
300919
154449
395216
317585
121240
45474
263190
197438
270045
88588
108052
372725
392389
103210
180555
308321
38362
216695
308742
379958
150306
327461
157593
357886
184811
200618
199034
126295
349367
82129
86461
111306
305492
258108
363942
290631
55084
207236
69802
289264
8960
276672
378410
259031
67208
186651
166126
2378
397119
120171
52814
23288
299717
352015
118024
118886
91780
203534
186497
227073
224979
383655
267351
204907
287963
228081
19592
350489
265189
209264
25649
118347
198907
87584
260019
72042
51091
267513
108233
137547
270099
164098
199454
194394
265269
402679
50337
255758
256006
383590
36002
175048
77818
247878
128859
372351
342706
92372
107106
371500
144870
156858
108259
116573
338721
56640
244740
2064
132117
145467
11882
147800
387178
255833
199387
307210
140796
396910
382226
281248
158169
169318
69913
260291
97038
99565
41710
229828
189631
146606
358606
260885
133101
64295
362848
185759
124389
387110
143997
166012
216523
83793
201466
24486
296049
220876
120057
18731
317004
127517
396497
81139
189637
189910
371885
21268
205900
67239
302576
329565
327079
18906
46209
290826
141138
171527
182607
363002
216924
47539
75807
30396
398195
278001
391503
83902
337494
241069
150044
388172
82381
166937
255836
365101
316917
80099
143859
131961
272917
109592
150048
342833
329537
145914
77531
63878
257366
291485
133082
342753
14427
65745
284456
6293
396675
232307
380158
267799
72491
236724
1237
234731
289848
68712
60858
48616
284838
331554
121267
297838
64627
60489
65584
291863
286840
367199
66359
300267
312965
88334
127687
3607
68573
364474
321042
142315
11046
59300
248676
369450
149493
20037
291608
330686
